[?25l[0m [38;2;0;0;0m                      [0m [38;2;166;236;240m▄[0m [38;2;48;68;73m                       [0m
 [38;2;0;0;0m                     [0m [38;2;124;188;194;48;2;119;179;185m┈[38;2;156;239;246;48;2;161;241;247m▌[38;2;171;244;249;48;2;155;232;237m┊[0m[38;2;107;181;189m▄[0m [38;2;0;0;0m                     [0m
 [38;2;0;0;0m                    [0m [38;2;116;155;175;48;2;111;150;169m┊[38;2;150;235;245;48;2;147;228;241m╵[38;2;141;234;243;48;2;161;240;247m▄[38;2;158;239;246;48;2;137;233;242m╹[38;2;129;229;239;48;2;146;191;223m▌[0m[38;2;111;114;152m▌                     [0m
 [38;2;0;0;0m                    [7m[38;2;136;178;205m▌[0m[38;2;141;212;233;48;2;146;200;227m╱[38;2;146;199;226;48;2;139;220;236m╸[38;2;128;231;240;48;2;129;229;239m╵[38;2;143;197;226;48;2;135;214;233m┌[38;2;156;161;211;48;2;152;172;216m┈[38;2;157;162;212;48;2;142;146;193m╵[0m [38;2;0;0;0m                    [0m
 [38;2;0;0;0m                   [7m[38;2;80;102;119m▌[0m[38;2;149;195;225;48;2;149;192;223m╵[38;2;149;192;223;48;2;148;194;224m╵[38;2;131;226;238;48;2;140;207;230m╵[38;2;155;163;211;48;2;140;204;229m▄[38;2;156;161;212;48;2;155;161;211m╵[48;2;156;161;211m  [0m[38;2;145;149;196m▌[0m [38;2;0;0;0m                   [0m
 [38;2;0;0;0m                  [38;2;91;117;136m▄[38;2;149;195;224;48;2;135;175;202m┊[38;2;150;193;223;48;2;149;195;223m╹[38;2;152;179;218;48;2;148;194;224m╺[38;2;151;183;220;48;2;155;161;211m▄[38;2;156;161;211m╵[48;2;156;161;211m  [48;2;156;160;211m╵[48;2;155;160;210m╵[0m[38;2;145;149;196m▄[0m [38;2;0;0;0m [0m [38;2;46;84;87m                [0m
 [38;2;0;0;0m                [0m [38;2;145;192;220;48;2;69;92;106m▄[38;2;153;175;216;48;2;148;195;224m▄[38;2;155;171;215;48;2;155;165;212m╹[38;2;153;171;215;48;2;155;164;212m╵[38;2;156;159;211;48;2;151;187;220m▄[38;2;155;165;213;48;2;149;195;224m▄[38;2;153;174;216;48;2;150;190;223m▄[38;2;149;192;224;48;2;154;168;214m╾[38;2;156;160;211;48;2;155;166;213m╵[48;2;155;160;211m╵[48;2;156;160;211m [48;2;156;160;210m╵[38;2;118;120;159;48;2;128;165;196m╵[38;2;78;143;148;48;2;107;195;202m╹[38;2;129;235;242;48;2;129;234;242m┊[0m[38;2;118;162;187m▄[0m [38;2;0;0;0m              [0m
 [38;2;0;0;0m              [0m [38;2;114;113;151m▄[38;2;151;184;220;48;2;143;154;197m╵[38;2;152;180;218;48;2;149;189;222m╻[38;2;151;187;221;48;2;157;157;209m▌[38;2;157;158;210;48;2;157;158;209m╵[48;2;156;158;210m▄[48;2;156;159;210m▄[38;2;156;158;210m▄   [38;2;156;160;210m╵[38;2;148;182;219;48;2;152;168;214m╷[38;2;131;227;239;48;2;152;172;215m▄[48;2;129;231;241m [38;2;133;235;243;48;2;131;234;242m╷[38;2;142;238;245;48;2;147;233;242m╵[38;2;147;149;204;48;2;146;156;207m┊[38;2;144;144;195;48;2;69;69;96m▄[0m [38;2;0;0;0m             [0m
 [38;2;0;0;0m             [0m [38;2;156;153;205;48;2;78;77;103m▄[38;2;158;154;207;48;2;158;155;208m▄[38;2;158;155;208;48;2;157;155;208m┑[38;2;157;156;208m╵[48;2;156;159;210m┈[38;2;157;155;208;48;2;157;156;209m▄[38;2;157;155;209;48;2;157;157;209m▄[38;2;157;157;209;48;2;157;156;209m╵[38;2;157;156;209;48;2;157;157;209m▄[48;2;157;157;210m▄[38;2;157;157;210;48;2;156;159;210m┈[38;2;141;203;229;48;2;156;158;210m▄[38;2;131;228;239;48;2;145;191;224m▄[38;2;129;231;240;48;2;134;218;235m╵[38;2;148;180;219;48;2;128;233;242m▄[38;2;155;159;209;48;2;134;226;238m▄[38;2;156;157;209;48;2;151;200;227m▄[38;2;165;178;218;48;2;157;162;211m╵[38;2;150;149;205;48;2;147;147;204m┒[38;2;148;147;203;48;2;150;149;204m▄[38;2;99;97;135;48;2;128;126;172m╵[0m [38;2;0;0;0m            [0m
 [38;2;0;0;0m          [0m  [38;2;101;97;143m▄[38;2;158;152;207;48;2;148;142;196m╵[38;2;157;150;207;48;2;158;153;207m▄[38;2;158;152;207m▄[38;2;157;152;207m▄[48;2;158;153;208m▄[38;2;149;182;220;48;2;156;155;208m╲[38;2;157;153;208;48;2;155;159;210m┈[48;2;156;153;207m [38;2;156;152;207;48;2;156;154;208m▄[48;2;157;154;208m▄[38;2;156;162;211;48;2;155;156;209m╵[38;2;156;152;208;48;2;148;184;221m▄[38;2;148;182;219;48;2;153;164;212m╹[38;2;157;154;208;48;2;156;156;209m┈[38;2;156;152;208;48;2;156;155;209m▄[48;2;156;155;208m▄[38;2;157;154;208;48;2;157;153;208m╵[38;2;156;152;208;48;2;157;154;208m▄[38;2;158;153;208;48;2;157;152;207m╵[48;2;156;151;207m╵[38;2;150;145;204;48;2;149;146;204m╴[38;2;146;185;221;48;2;152;149;205m▄[38;2;140;212;232;48;2;136;193;218m┈[0m[38;2;135;171;203m▄[0m [38;2;0;0;0m [0m [38;2;27;41;45m        [0m
 [38;2;0;0;0m      [0m [38;2;140;204;228m▄[0m  [38;2;152;179;219;48;2;140;162;201m╵[38;2;149;190;224;48;2;154;157;209m▌[38;2;134;128;194;48;2;147;140;201m╲[38;2;151;144;204;48;2;156;147;206m▌[38;2;155;146;206;48;2;157;149;206m▄[38;2;157;148;207;48;2;157;150;207m▄▄[38;2;157;149;207;48;2;156;152;208m┈[38;2;140;206;232;48;2;150;173;217m▄[38;2;138;212;234;48;2;139;211;233m┊[38;2;149;210;233;48;2;150;179;220m▄[38;2;165;214;235;48;2;158;166;214m─[38;2;154;149;206;48;2;152;147;206m╵[38;2;145;140;203;48;2;151;147;205m▄[38;2;150;143;205;48;2;156;150;208m▄[38;2;148;142;204;48;2;154;149;207m▄[38;2;146;140;202;48;2;154;148;206m▄[38;2;144;138;202;48;2;152;147;206m▄[38;2;141;136;201;48;2;152;147;205m▄[38;2;154;147;206;48;2;146;147;206m╵[38;2;137;166;213;48;2;146;155;209m╻[38;2;137;187;223;48;2;152;146;205m▄[38;2;137;206;231;48;2;153;146;206m▄[38;2;138;209;232;48;2;146;172;216m▄[38;2;139;210;232;48;2;138;209;232m╵[38;2;149;173;217;48;2;139;208;231m▄[38;2;157;147;207;48;2;155;153;209m┈[48;2;149;140;197m┈[38;2;145;187;223;48;2;67;91;106m▄[38;2;140;209;231;48;2;142;186;218m╵[0m[38;2;119;110;157m▄[0m [38;2;0;0;0m      [0m
 [38;2;0;0;0m    [0m [38;2;141;131;184m▄[38;2;141;208;231;48;2;150;158;207m╵[38;2;158;147;206;48;2;154;159;211m┈[38;2;158;166;214;48;2;155;158;210m╵[38;2;158;147;206;48;2;149;140;197m╵[38;2;157;145;207;48;2;157;147;206m▄[38;2;157;146;207;48;2;156;149;208m┈[38;2;156;146;207;48;2;155;145;206m┈[38;2;155;144;206;48;2;153;142;205m╵[38;2;154;143;206;48;2;155;144;206m▄[38;2;156;144;207;48;2;156;146;207m▄[38;2;152;163;214;48;2;154;154;211m╷[38;2;144;191;226;48;2;144;187;224m┊[38;2;153;153;211;48;2;138;208;232m▄[38;2;148;174;219;48;2;152;158;213m╹[38;2;156;145;208;48;2;155;146;208m┈[38;2;155;144;208;48;2;156;146;208m▄[38;2;156;146;208;48;2;155;145;207m╵[38;2;154;143;207;48;2;142;136;202m▄[38;2;135;128;198;48;2;148;139;205m━[38;2;154;144;207;48;2;138;132;200m▄[38;2;153;164;215;48;2;147;141;205m╺[38;2;155;144;208;48;2;143;162;213m▄[38;2;155;143;208;48;2;146;178;220m▄[48;2;145;181;222m▄[48;2;148;174;219m▄[38;2;155;144;208;48;2;152;155;212m┈[48;2;153;152;211m┈[38;2;152;159;213;48;2;153;150;210m╵[38;2;151;160;214m╵[38;2;156;144;207;48;2;155;144;208m╵[38;2;156;143;207;48;2;156;144;207m▄▄[38;2;149;137;203;48;2;146;147;207m┈[38;2;143;180;221;48;2;156;145;207m▌[38;2;157;144;207;48;2;156;144;207m╵[38;2;146;135;197;48;2;69;63;92m▄[0m [38;2;0;0;0m     [0m
 [38;2;0;0;0m   [0m [38;2;94;88;131;48;2;124;116;169m╹[38;2;158;146;206;48;2;157;145;206m╵[38;2;145;135;202;48;2;152;141;204m╻[38;2;131;124;195;48;2;157;145;206m▄[38;2;131;123;195;48;2;156;145;206m▄[38;2;139;129;199;48;2;157;144;207m▄[38;2;157;144;207;48;2;151;140;205m╵[38;2;155;146;208;48;2;155;143;207m╵[38;2;155;142;207;48;2;156;143;207m▄[48;2;155;142;207m [38;2;154;141;208;48;2;154;141;207m▄[38;2;155;141;208;48;2;155;143;208m▄[38;2;152;154;212;48;2;154;145;209m╵[38;2;155;143;208;48;2;154;142;208m╹[38;2;154;141;208;48;2;153;141;207m╵[38;2;152;140;207;48;2;151;139;206m▌[38;2;148;136;206;48;2;152;140;207m┒[38;2;154;141;208;48;2;155;142;208m▄┳[48;2;154;142;208m▄[38;2;155;141;208m▄▄[38;2;155;140;208m▄▄[38;2;154;142;208;48;2;154;141;208m╹[38;2;154;140;208;48;2;154;142;208m▄[48;2;154;141;208m [38;2;154;140;207m╷[38;2;154;140;208;48;2;154;141;207m╷[38;2;155;141;208;48;2;154;140;207m╵[38;2;150;137;206;48;2;153;139;207m╷[38;2;146;134;204;48;2;151;138;206m╷[38;2;155;141;208;48;2;153;139;207m╵[48;2;155;141;208m [38;2;147;135;205;48;2;128;120;196m▌[38;2;130;121;196;48;2;145;134;203m▌[38;2;155;142;208;48;2;154;141;207m╵[38;2;156;142;207;48;2;155;142;207m╵[38;2;136;126;198;48;2;119;111;176m┈[0m[38;2;69;64;106m┒    [0m
 [38;2;0;0;0m [0m [38;2;126;118;189m▄[38;2;129;122;194;48;2;131;122;193m┈[38;2;145;134;201;48;2;138;126;197m╹[38;2;133;123;195;48;2;135;123;195m╵[38;2;130;122;195;48;2;135;121;194m╵[38;2;141;121;195;48;2;129;121;194m▄[38;2;139;121;195;48;2;129;120;194m▄[38;2;136;120;195;48;2;130;120;195m▄[38;2;135;119;195;48;2;131;120;195m▄[38;2;130;120;195;48;2;133;119;195m╵[38;2;129;118;195;48;2;133;122;197m┈[38;2;129;118;196;48;2;142;131;202m▄[38;2;127;117;196;48;2;150;136;205m▄[38;2;129;119;197;48;2;154;140;207m▄[38;2;136;124;200m▄[38;2;143;130;203;48;2;154;139;207m▄[38;2;144;131;204;48;2;152;138;207m▄[38;2;140;128;203;48;2;148;135;206m▄[38;2;137;126;202;48;2;139;127;202m┈[38;2;149;135;207;48;2;151;137;207m╴[38;2;154;139;209;48;2;154;139;208m┈[38;2;154;139;208;48;2;153;138;208m╵[38;2;146;132;205;48;2;150;136;207m╷[38;2;141;128;203;48;2;154;139;208m▄[38;2;139;126;202m▄[38;2;137;125;201m▄[38;2;135;124;200m▄[38;2;133;119;197;48;2;151;137;207m▄[38;2;128;118;197;48;2;145;125;199m━[38;2;144;120;196;48;2;130;120;198m▄[38;2;136;119;197;48;2;129;119;197m▄[38;2;130;118;197;48;2;129;118;197m╷[38;2;139;127;202;48;2;130;120;198m╍[38;2;127;118;197;48;2;149;135;206m▄[38;2;130;118;196;48;2;144;131;204m▄[38;2;156;123;196;48;2;133;122;199m▄[38;2;147;121;197;48;2;135;119;196m▄[38;2;139;119;196;48;2;132;119;196m▄[38;2;133;119;196;48;2;128;119;196m▄[38;2;128;119;196;48;2;130;120;196m┈[48;2;130;121;196m┈[38;2;129;120;195;48;2;127;119;193m┊[0m[38;2;126;118;190m▄[0m [38;2;0;0;0m  [0m
 [38;2;120;110;175m╺[38;2;67;58;96;48;2;126;114;183m▄[38;2;69;56;92;48;2;136;122;195m▄[38;2;68;55;88;48;2;141;123;194m▄[38;2;65;52;85;48;2;146;123;195m▄[38;2;63;50;82;48;2;151;123;195m▄[38;2;60;48;78;48;2;152;123;195m▄[0m[7m[38;2;147;122;195m▄[38;2;140;120;195m▄[38;2;138;119;195m▄[38;2;137;119;196m▄▄▄[38;2;136;118;196m▄[38;2;134;118;196m▄[38;2;132;117;196m▄[38;2;129;117;196m▄[38;2;128;118;197m▄[0m[38;2;57;51;89;48;2;129;119;198m▄[38;2;69;60;102;48;2;132;119;197m▄[38;2;51;44;76;48;2;133;119;197m▄[0m[7m[38;2;131;119;199m▄[0m[38;2;63;58;100;48;2;131;120;198m▄[38;2;71;65;111;48;2;127;117;197m▄[38;2;66;60;104;48;2;128;117;197m▄[38;2;62;56;97m▄[38;2;58;52;91;48;2;127;117;197m▄[38;2;54;49;85m▄[38;2;50;46;79m▄[38;2;62;54;92;48;2;141;119;197m▄[38;2;81;63;106;48;2;152;121;196m▄[38;2;73;59;100;48;2;150;120;197m▄[38;2;69;56;95;48;2;145;120;197m▄[38;2;65;53;90;48;2;139;118;197m▄[38;2;58;50;86;48;2;134;117;197m▄[38;2;53;47;81;48;2;129;117;197m▄[38;2;55;49;85;48;2;128;117;197m▄[38;2;90;71;115;48;2;159;123;196m▄[38;2;91;72;116;48;2;149;121;196m▄[38;2;75;62;104;48;2;142;120;196m▄[38;2;63;53;90;48;2;137;119;196m▄[38;2;55;48;81;48;2;134;119;196m▄[38;2;59;53;89;48;2;131;119;196m▄[38;2;66;61;102;48;2;128;119;196m▄[38;2;70;64;107;48;2;128;120;195m▄[38;2;72;67;110;48;2;125;117;189m▄[0m[38;2;116;109;176m╾[0m [0m
[?25h